"cz1","cz2","distance"
1,71,87.6656365988856
1,117,21.0493068708091
1,128,80.1699380436309
1,156,60.786297343026
1,166,60.6447553419189
1,189,20.6954171272569
1,209,56.048979639211
1,225,82.6972151243306
1,259,32.7318628489703
1,275,65.4989574191977
1,350,80.6910029767186
1,384,94.8802898425469
1,389,28.0814047082242
1,413,23.3614358149704
1,416,19.3578232452042
1,430,83.449775903598
1,446,83.9254419736393
1,457,91.0063045767859
1,480,99.7224978280999
1,494,47.9193142836681
1,520,27.5014951127921
1,553,47.5556770921988
1,560,62.4690894076816
1,568,54.8402559454787
2,44,75.1435318693253
2,66,46.0863478292414
2,85,25.3975752786244
2,122,37.514015294449
2,126,18.7918193877439
2,192,97.1328194599637
2,209,46.5613818708159
2,221,17.5726708381842
2,235,84.4915949657059
2,343,95.9180212754748
2,349,30.8678820596926
2,350,77.4472465857239
2,364,61.5758789289405
2,376,54.4577850332118
2,384,26.837054447953
2,399,27.401387819843
2,464,96.3063961505188
2,471,83.8353967989226
2,493,25.3879117761608
2,548,64.2393014113523
2,554,65.5673584329395
2,629,21.3178673266093
3,396,39.6384700324535
4,11,30.0142195430371
4,15,81.4672921025804
4,24,26.1631422439752
4,57,18.0420773381625
4,135,67.1017951983519
4,245,94.472589149243
4,295,82.6134843238605
4,329,67.3374252301304
4,401,71.4966062720666
4,429,21.2340531788429
4,437,84.1057870641595
4,467,78.4232801816756
4,504,22.2943422858622
4,509,95.7668647207945
4,518,58.3990630246769
4,532,73.4753933269901
4,563,67.2140756726686
4,564,30.0258127142769
4,597,41.4458232988813
4,603,18.7520419104892
4,620,49.3079683066916
4,621,56.3600382553144
5,153,34.9888065760222
5,159,56.053109181669
5,183,26.4043791214491
5,264,78.6151416643855
5,414,87.4304905455752
5,515,31.6979454982579
5,579,63.0853796448056
5,625,81.8487661725234
5,626,93.2804626402615
5,633,79.791635941583
5,663,69.0109267089689
5,676,97.3068713640393
5,691,34.8822129152504
5,697,40.7202180452576
6,135,82.8015388673551
6,260,56.3936506383472
6,324,54.6746068655319
6,335,32.2702155521748
6,459,56.4216501287873
6,474,52.3068969602764
6,556,97.1453244483473
6,642,74.5329768458106
6,646,45.8250203989871
6,680,29.9427208809132
6,684,24.429458022818
7,37,33.9772088279849
7,270,95.6085528678295
7,273,23.1833033613266
7,299,75.7422942679623
7,315,82.3106549830325
7,370,97.8944236175913
7,379,86.1652394732336
7,397,91.7158255900338
7,405,60.7153785971374
7,419,36.7438823305082
7,425,87.3031862881904
7,444,27.8890604625769
7,449,97.8757854562466
7,512,37.4559078940064
7,585,33.6028431421841
7,627,71.7863988031996
7,634,31.5668081699863
7,656,62.9718548679906
8,19,36.8933185030283
8,20,16.6472531972327
8,22,37.1892677085342
8,60,56.7601494847255
8,62,49.418623758697
8,67,54.1919942182384
8,79,19.4013637791137
8,119,62.9225813832794
8,137,58.9497516749502
8,143,85.9395536284755
8,188,17.7148849798172
8,190,98.1393460755221
8,194,93.6239743314478
8,197,16.5456636954253
8,247,77.1516781178286
8,252,52.431582810715
8,306,41.5330553020669
8,341,26.5282258972603
8,347,15.5994485291243
8,374,68.8398860966176
8,382,22.9877935974353
8,409,84.0941039492809
8,670,86.9838482872898
9,27,59.1356682306091
9,99,83.1263038487802
9,118,19.2371680306089
9,149,32.6226502330465
9,154,88.1078566035595
9,160,32.0651475135195
9,387,24.99421898447
9,475,53.1380342613278
9,485,71.8902133516324
9,551,55.2007870740763
9,588,18.3920098911947
9,690,80.7032794278525
10,38,23.5510901727787
10,59,53.9427474794516
10,77,75.0032874081004
10,81,22.0808019825552
10,89,55.0522527383786
10,116,68.7058302434364
10,136,64.1883134395989
10,148,23.2930815178528
10,170,57.1643837100869
10,181,96.0338731942766
10,203,98.2161283803353
10,213,71.6771775683442
10,222,41.1999778564727
10,296,85.8352847915837
10,311,89.8862521052374
10,318,22.2898410872571
10,327,19.408683410222
10,337,84.2703539673429
10,367,71.1977588053951
10,372,82.752050992532
10,391,21.4923510351684
10,400,24.2060876167426
10,404,50.4396464645288
10,417,53.1120673725219
10,432,82.3644192832784
10,442,22.0172356097257
10,448,86.7356639792493
10,536,23.6283977142219
11,4,30.0142195430371
11,57,59.1748994032594
11,83,84.2120549593304
11,135,20.3542169328491
11,301,70.0516644593898
11,335,86.1019571693845
11,429,27.1873067426112
11,437,23.4274628970447
11,467,27.1693771575372
11,491,75.2848458751936
11,504,19.4083145558835
11,518,58.3984428021283
11,532,84.6407979505755
11,563,25.9057804124126
11,564,69.3191303581346
11,591,71.6479392342843
11,603,80.6557165897047
11,614,85.2120216877232
11,620,29.2522073149892
11,642,97.4638337994378
12,47,17.7383299050551
12,83,73.4319724873859
12,144,87.2212766606607
12,179,72.6229955080855
12,204,96.816560725047
12,305,34.1386229446852
12,356,76.6395331130536
12,375,90.2010304584511
12,415,26.2523313282184
12,451,46.1600100185146
12,479,93.1553815634908
12,491,36.6770571375992
12,499,28.4496260361123
12,517,87.7671571230934
12,555,16.5899623338107
12,566,78.0160585264669
12,567,61.6209994382468
12,591,60.2031534747253
13,111,36.0899544851731
13,130,40.3074533072795
13,263,71.6662523475675
13,519,41.1608605055653
14,31,20.3789583331832
14,36,95.3854814697836
14,39,17.8583708940787
14,51,47.2390902933919
14,74,44.1494220714242
14,87,53.1013542401913
14,146,72.9601407984882
14,147,66.6141985967827
14,173,58.0817504828733
14,178,86.3103253013819
14,180,67.6512027204778
14,219,22.2670732509287
14,248,87.3808362210637
14,261,22.350883354199
14,298,75.5588033902884
14,330,14.9057366761667
14,355,76.7368683468973
14,403,15.6694021762036
14,434,20.4729363240697
14,441,61.5062448702622
14,454,71.5068273410715
15,4,81.4672921025804
15,24,62.7539369433207
15,55,60.1582098058183
15,161,75.5533047657753
15,230,45.4542992179061
15,245,95.9875171349584
15,253,82.6174827430333
15,295,42.4857060947994
15,304,72.5875112398511
15,368,69.3773544835645
15,393,25.6617452964243
15,401,26.1656624137394
15,455,28.5463420622098
15,469,65.2929705528843
15,478,86.2844015531283
15,507,81.7554733719303
15,509,23.868512198076
15,518,79.5251929595543
15,526,24.4069912286352
15,561,30.7391301753755
15,564,53.0326849042806
15,597,24.0242504559902
15,603,97.9651942766238
15,621,23.6900074724913
16,34,42.0487869148795
16,45,75.2116440509013
16,56,13.8451643193986
16,114,41.9399478056533
16,154,76.7460970897631
16,168,30.1778323942445
16,255,51.5452547082302
16,258,62.2870483450258
16,289,46.1939251535821
16,338,19.0039578227861
16,345,22.4326149791195
16,593,76.0212392814374
17,175,37.591431257171
17,288,76.2160929833833
17,315,73.0178164744072
17,552,71.7523833733414
17,619,83.4712130175526
17,656,67.8497449174284
17,665,82.9470781548799
18,46,20.099395014146
18,48,96.4907920238044
18,174,39.2406824329416
18,340,88.9063518187784
18,362,79.9707463227518
18,477,48.5862040721555
18,489,42.7320987208403
18,501,88.2937222120398
18,640,56.1471452303336
18,657,58.4690452755357
18,673,60.981808661617
19,8,36.8933185030283
19,61,77.7902802230733
19,62,29.7854470326051
19,64,50.8164469818117
19,67,95.0687592512729
19,79,76.9083529473769
19,119,54.6019701325899
19,137,21.0655082287082
19,165,64.2096566371977
19,197,21.615923975703
19,205,69.1675289782018
19,252,65.5786659428338
19,306,98.9244872765432
19,341,52.11756266342
19,347,58.9740556496183
19,374,14.8718034005106
19,382,20.8163674254311
19,670,55.0626532757622
20,8,16.6472531972327
20,21,77.5415427250946
20,22,22.3559519592588
20,60,25.1614583818837
20,62,90.2992279387496
20,67,67.7268218442986
20,79,20.8399551307598
20,143,97.2672908817336
20,188,25.4923333326459
20,190,52.4980470906097
20,197,84.3605593051946
20,247,83.5819807509677
20,252,96.3363184818482
20,306,74.2987490880915
20,312,96.517062414473
20,341,75.2630566748541
20,347,51.223412748265
20,380,89.623885569765
20,382,83.0881794405742
20,409,59.9152397599809
20,458,81.8638458038121
21,20,77.5415427250946
21,22,63.7518500854708
21,60,23.6772446797249
21,90,70.1324486205837
21,106,63.8493417838896
21,120,19.9570458720895
21,140,80.3844681568797
21,141,87.5598591064772
21,166,99.1381269197887
21,177,88.2590753589336
21,190,22.4021377264606
21,216,26.222576043678
21,268,90.8794011686171
21,303,29.8664709181641
21,312,62.393323003839
21,380,97.7856091991682
21,409,58.1141262679428
21,446,81.7169517591093
21,457,87.4008125271684
21,458,31.9254915745223
21,462,33.1460807122261
21,558,28.6307287312977
22,8,37.1892677085342
22,20,22.3559519592588
22,21,63.7518500854708
22,41,91.9168414884545
22,60,28.861334271894
22,67,20.9090141064846
22,79,14.7183419293793
22,90,75.7701641280906
22,141,30.6588968022604
22,188,61.6277654524955
22,190,30.3435970095384
22,194,77.2191665983634
22,197,79.1238159213217
22,247,17.0262345281619
22,252,69.9130239845793
22,278,78.4013612064434
22,303,48.2042724058271
22,310,88.8744650909885
22,312,99.6190597490726
22,341,57.1345913091526
22,347,78.4939922986221
22,382,96.833524974209
22,409,19.7437909914435
22,458,78.4806371568237
22,558,98.8834882905702
23,29,57.5536823177185
23,92,36.0571273704081
23,114,32.8507651173908
23,118,50.5046494602317
23,154,36.7595198224414
23,163,31.4399472473305
23,168,84.3740961370049
23,225,70.6532574940265
23,265,62.1947116767164
23,286,48.1296033831348
23,289,72.5697998138182
23,313,37.5892778866598
23,314,28.1728223131234
23,411,86.3651597086192
23,422,31.5493385974542
23,475,84.6368827364794
23,551,23.2983621240335
23,593,53.4613440193616
23,602,76.572719568705
24,4,26.1631422439752
24,15,62.7539369433207
24,55,61.23896466221
24,57,43.3291501055744
24,206,73.1999693085003
24,245,18.7098471864636
24,267,89.0859660132093
24,295,20.4555814851762
24,329,26.0233494705809
24,368,99.7979096449807
24,401,77.4150454179447
24,429,82.0273723760429
24,504,97.3256918681627
24,509,48.4893196113995
24,516,55.4626318804897
24,526,96.4624128543647
24,532,88.4114671257245
24,550,51.1445190286755
24,564,32.6447278472492
24,580,82.4188164684667
24,597,25.3835379258973
24,603,24.4142153312661
24,621,54.4917343959423
25,26,44.623778682083
25,38,42.6373163624714
25,50,70.9538277905317
25,63,99.1628618531026
25,89,53.0139154404834
25,176,88.5446306500773
25,181,21.0251874448069
25,191,49.2202072243204
25,202,17.9089873798477
25,224,74.6027255857631
25,235,76.3000459255159
25,236,71.1267958263671
25,242,21.3458856274276
25,272,17.856537198452
25,285,18.9903674513237
25,337,17.0044250291725
25,383,17.4859146292507
25,400,88.892013901785
25,404,58.833675454006
25,408,86.3292644756594
25,432,89.6842921587848
25,440,88.0523492153587
25,443,66.5458600007793
25,448,17.655776374286
25,463,52.7343259238284
25,471,93.3396487344913
25,536,91.4151395486191
25,587,49.318628546818
26,25,44.623778682083
26,38,94.2160508830633
26,50,24.6904705251639
26,63,36.2471577468532
26,72,18.7514351987322
26,89,26.3680931995213
26,157,61.7813628460765
26,176,18.3477702709792
26,181,27.7711612329318
26,199,99.7715961354878
26,228,51.3655800461043
26,242,75.3921670483978
26,266,31.8444663504307
26,272,18.2077403873012
26,311,73.0397234434591
26,331,70.6788267632513
26,336,62.5383698853993
26,337,81.5572775163264
26,351,85.176475119952
26,372,74.8025513039723
26,383,19.3062011597042
26,400,98.5113002899399
26,439,59.1346504394502
26,443,59.5705275760454
26,463,15.6027470157502
26,468,46.9014835734912
26,471,75.224666137438
26,472,85.8963464637675
26,523,17.2385599246941
26,531,76.5441094230117
27,9,59.1356682306091
27,35,29.5371712893107
27,42,94.5218238393081
27,69,20.9906052011527
27,149,49.5303090959876
27,160,23.0575684429935
27,193,89.5490780862443
27,226,65.5709541128149
27,283,33.6280749896163
27,387,63.0074891597572
27,483,94.810058301856
27,485,61.1661410996177
27,511,54.6181979386367
27,534,71.8316889225745
27,569,32.6028906536042
27,588,29.0089749975948
27,592,39.1847290264648
27,690,26.5526335980771
28,40,36.4918335953689
28,68,83.960073550479
28,82,94.7523281024783
28,269,24.2567223813161
28,369,35.0102556846048
28,370,28.8404328133798
28,397,40.5382417597892
28,407,26.4605917204302
28,425,39.5176066641566
28,426,74.0534889831024
28,428,87.7228059941893
28,433,97.5204383305936
28,435,31.6654825300164
28,447,96.1194525166608
28,452,26.9361433643018
28,453,88.116096199899
28,473,83.2116133017252
28,497,49.9674398436184
28,594,96.8350133299283
28,652,88.4726310725609
29,23,57.5536823177185
29,42,72.7211378522859
29,49,60.5210787628164
29,92,65.1022010859465
29,163,45.8876139194981
29,200,87.258386485293
29,265,17.2229809057458
29,286,25.2879975507844
29,313,99.8175566643657
29,314,86.9983643422307
29,386,37.7798008713932
29,411,32.3981071938671
29,422,24.6350498302957
29,426,98.9293032924798
29,433,87.0005130820704
29,473,58.5167983429194
29,475,97.4660016461944
29,497,76.4438863179842
30,41,40.927278066046
30,61,61.9362589254255
30,67,56.9247375883036
30,84,19.1552564537646
30,98,74.9878750928036
30,119,46.5025799545297
30,141,59.8940069104128
30,142,53.7739371643008
30,194,22.5516448223987
30,212,26.363203294531
30,247,89.4648872948206
30,252,22.1366648007808
30,278,16.9474882020997
30,282,23.6881293846695
30,310,71.8752185752459
30,341,96.561160629053
30,346,78.2423080365918
30,361,67.6361140778596
30,371,50.7283714913263
30,424,17.9861232981378
31,14,20.3789583331832
31,32,55.3707381792763
31,36,78.8095592057662
31,39,81.3869193726111
31,51,20.3747546613615
31,74,17.1590536536423
31,87,96.635828718979
31,152,55.0599869838234
31,178,32.2173903733061
31,219,24.7824490918696
31,248,72.9057572536293
31,261,90.7257571044624
31,330,57.4259072032347
31,359,89.8892902409954
31,367,98.2469462279714
31,403,52.2207919316728
31,418,57.0343999234793
31,421,93.971236939866
31,434,23.9551501465128
31,436,70.5988268208142
31,441,19.5712629076099
31,454,18.1939322989131
32,31,55.3707381792763
32,51,20.3404224857363
32,59,75.2535735176697
32,87,64.0937346012995
32,112,37.68120655003
32,138,85.9253844519133
32,150,23.9653313837287
32,167,49.551391587518
32,246,83.2531652740915
32,248,27.9541137187064
32,256,91.5274946730121
32,302,76.1398502169291
32,342,22.901943070586
32,359,18.5370941868799
32,367,66.0341472252505
32,403,54.9433407211423
32,421,17.5797231174364
32,434,70.9190158255484
32,436,56.1669205439727
32,441,20.5915519982079
32,454,82.3411632626101
32,482,62.2273132391071
33,271,32.0446090697652
33,301,91.2335252355711
33,324,86.601402797628
33,356,55.8820326246501
33,360,33.7387548039745
33,375,33.3717732641785
33,390,93.5187150314479
33,415,35.783343596659
33,451,35.0356608307833
33,479,38.2551072788265
33,491,82.0383261581482
33,537,89.9105314703266
33,624,45.9236816803056
33,675,68.552079795765
33,681,65.3806499497728
34,16,42.0487869148795
34,45,23.2060234356028
34,56,22.6606477597507
34,254,50.6857975626538
34,255,20.7590184195759
34,257,22.1213748627887
34,258,69.0034604586768
34,268,52.1580224175043
34,289,78.2433822653982
34,312,70.8254242074274
34,345,16.4868487803237
34,380,99.0637179919218
34,589,99.379548922743
35,27,29.5371712893107
35,42,92.5564324087545
35,69,87.8955613852678
35,86,86.7083237351126
35,102,64.9819373538795
35,160,56.0466690478665
35,193,64.6225076931036
35,283,35.429509345172
35,387,92.6235765104977
35,485,66.7965880950606
35,511,25.7067188023531
35,534,35.2103072364649
35,569,61.7925953705595
35,588,89.9976740049518
35,592,31.8642940053341
35,632,81.5775683089515
36,14,95.3854814697836
36,31,78.8095592057662
36,74,17.414235592696
36,113,84.70658868025
36,152,95.5189848897376
36,178,60.5798487510917
36,180,49.5495303974836
36,196,18.4844330384639
36,219,61.3639133391853
36,231,61.5602180706674
36,251,22.727685291297
36,308,48.6132605115636
36,316,44.9857536503352
36,330,63.84438755318
36,355,22.7645925032948
36,418,22.3531016295879
36,420,84.4571249814658
36,454,97.0303299078392
36,565,71.5066343214253
37,7,33.9772088279849
37,273,99.0430888306902
37,315,48.4471620656791
37,405,94.2296492284926
37,444,36.7305445403449
37,449,80.784993535575
37,512,74.978580989739
37,585,67.4895954751868
37,613,74.2793495172697
37,656,79.9500644555631
37,693,76.706546744028
38,10,23.5510901727787
38,25,42.6373163624714
38,26,94.2160508830633
38,72,83.362376241851
38,77,80.188475542216
38,89,21.4269186551084
38,116,98.3899880612851
38,181,32.2688291300289
38,191,52.9947022957306
38,285,76.6447869438553
38,327,48.0136238483886
38,337,17.6130760403155
38,372,76.437848229355
38,383,73.6861539315862
38,391,46.1232393767835
38,400,21.2694592385776
38,404,15.3422284574205
38,417,93.4801401768355
38,432,58.2485744459156
38,448,20.9390745579074
38,463,78.7683872406137
38,536,18.260101968947
38,587,80.5203739542195
39,14,17.8583708940787
39,31,81.3869193726111
39,74,48.6017268481825
39,87,59.6249110870643
39,146,62.1580508383823
39,147,24.5558344692247
39,173,22.2850032852968
39,180,52.7845647996168
39,182,91.8383796488457
39,219,57.3558723854607
39,261,16.235919414173
39,298,41.6881039457625
39,330,7.34087474729633
39,355,71.2176115221531
39,403,42.8046455199562
39,434,80.2709865843313
40,28,36.4918335953689
40,49,54.0945182510189
40,82,76.5853399248759
40,101,73.2335573142201
40,240,72.2700954085628
40,407,25.4319956123931
40,426,22.0000673555593
40,428,25.3359730618906
40,435,70.0028231476119
40,452,31.8701333434002
40,456,74.6601347830804
40,473,56.0417539807966
40,497,86.8289053208571
40,572,23.4562736177599
40,594,38.3632702279778
41,22,91.9168414884545
41,30,40.927278066046
41,67,61.4077550697545
41,84,81.5134452795233
41,90,82.3477319159851
41,91,79.757966279295
41,123,54.5228374108829
41,141,17.8400770308153
41,194,38.6923625880251
41,247,63.987527137609
41,252,66.8446977422093
41,278,19.5445184943078
41,282,43.2947737080043
41,303,95.3505982530209
41,310,16.6271949036566
41,357,64.6105311398612
41,361,90.755962281954
41,371,18.6896844141978
41,409,83.1738801780493
41,424,99.6644433308032
41,562,79.5860773958896
41,682,91.9623071873019
42,27,94.5218238393081
42,29,72.7211378522859
42,35,92.5564324087545
42,68,99.5773921257884
42,102,27.8439313602001
42,160,75.3925889831786
42,163,50.974095897034
42,269,61.1717344034572
42,283,34.3916164535877
42,286,19.4670421097117
42,369,99.1307670194253
42,386,20.1493547517589
42,387,82.5258900529124
42,433,27.9851424692294
42,447,23.9118912971068
42,475,24.7683444099173
42,485,29.4849355710836
42,497,71.9421040980356
42,534,84.6797989628075
42,551,95.2882235751287
42,608,84.7786566503296
43,131,38.1024527982489
43,260,89.3681478026859
43,276,48.3138794118773
43,326,82.5368600770594
43,390,91.1072398504346
43,474,44.3845172560424
43,540,67.1110243311589
43,570,73.9848639427115
43,577,42.4435838441388
43,599,48.1045682705812
43,605,48.0978603924753
43,624,40.5993948324153
44,2,75.1435318693253
44,101,60.548079427478
44,121,60.3456812774669
44,126,63.5248002041857
44,185,48.5537595664683
44,240,69.0613832088511
44,317,29.409242139188
44,321,50.1809976380074
44,353,24.0630065302059
44,364,23.6451550680402
44,376,30.4420922451538
44,430,90.1576490278804
44,464,25.9802974525017
44,493,26.5248525922548
44,542,26.7261255051097
44,572,87.541195582931
44,628,81.525327239959
44,671,83.7035110545698
45,16,75.2116440509013
45,34,23.2060234356028
45,56,75.0386521118389
45,156,53.4580888443124
45,166,98.5446995674029
45,225,88.2187603000872
45,255,83.8954893883962
45,257,20.7830094016836
45,258,31.0506705503647
45,268,29.4013715080745
45,275,24.3687955578018
45,289,53.8672965726207
45,312,94.347239834848
45,313,47.1430882551615
45,345,22.6737590266206
45,416,79.7468298747977
45,446,71.7621573995059
45,589,28.8581565437096
45,602,63.9987425187667
46,18,20.099395014146
46,174,80.8490100336165
46,340,87.3087980687154
46,365,54.111800945357
46,460,71.6995957746768
46,477,26.0955978235507
46,489,66.2346556071749
46,501,53.5123611515703
46,609,76.8537921841783
46,657,78.3516290250099
46,673,51.2220355570363
47,12,17.7383299050551
47,83,25.9302937847461
47,144,24.9583748661296
47,179,80.7972070822065
47,186,86.2010245519458
47,204,24.200645433521
47,304,92.6833382796076
47,305,72.9488611980635
47,366,92.0555450935824
47,415,77.431935340281
47,451,79.3725953552954
47,491,53.6991949635464
47,499,25.1894778003271
47,507,95.4264526078894
47,517,43.4916106534164
47,555,22.9642586840993
47,563,91.2231766859197
47,566,26.5503804520274
47,567,22.3390929474313
47,590,71.5965644095597
47,591,58.1704954534181
47,614,74.4511907381989
48,18,96.4907920238044
48,171,81.0844294085454
48,340,61.3803089157736
48,489,38.1155887733315
48,640,39.459960796177
49,29,60.5210787628164
49,40,54.0945182510189
49,71,53.1283783439335
49,101,95.6502942928918
49,185,51.6862336919847
49,200,22.5432326907946
49,240,36.661331224226
49,265,54.4987970774755
49,317,84.5217787597199
49,321,87.7298946465428
49,353,88.7644193031865
49,386,79.2837350033462
49,411,28.8616080612017
49,426,29.6612727786169
49,452,66.6411181648156
49,473,24.1620480902034
49,568,97.8963784254122
49,572,62.0582048062298
49,628,73.7805388327452
50,25,70.9538277905317
50,26,24.6904705251639
50,63,11.571839703429
50,72,94.9823552638249
50,108,78.5595960415819
50,128,65.6572887984201
50,157,55.8915565015894
50,176,20.6544356813153
50,221,90.5414318681909
50,228,67.4496633793145
50,235,57.1941133700284
50,242,48.3508244684736
50,272,21.0384966204286
50,331,12.953214460971
50,343,26.915701685563
50,349,37.7182345185287
50,383,63.2766201020448
50,384,60.3424537025453
50,443,22.0321793375557
50,463,83.7819268015856
50,468,81.848891032648
50,471,16.0168725221464
50,523,68.5700102660989
51,14,47.2390902933919
51,31,20.3747546613615
51,32,20.3404224857363
51,74,92.5230893002164
51,87,57.9282278709452
51,112,75.6400072972336
51,150,75.7434092917495
51,178,93.6534159456858
51,219,88.6480688733912
51,248,31.2991697130072
51,261,83.6064900117415
51,342,87.3909193076173
51,359,58.7700085423514
51,367,94.1427013381914
51,403,27.305121656542
51,421,46.1646993678013
51,434,21.2590933973091
51,436,67.7373333156365
51,441,15.17027566976
51,454,60.8054986341094
52,124,42.2223183993802
52,132,98.6377671294036
52,208,20.8200648983938
52,460,48.4646263330258
52,654,87.1572621533979
52,657,84.7713189503645
53,77,72.2067485282905
53,172,63.488063770003
53,191,67.6958573431727
53,232,23.9179778014557
53,249,25.699085505008
53,284,27.7540877903529
53,322,93.5877667038351
53,352,26.1357173388897
53,388,93.8213867773521
53,408,79.5309862694153
53,432,74.6447367786337
53,513,29.9044942751187
53,583,33.9606196701676
54,63,53.0338753995213
54,65,75.5333464934004
54,90,93.2516126147974
54,106,36.8456222401802
54,108,23.3461101378852
54,117,92.2886649157262
54,120,51.7952761511135
54,128,70.4212836556259
54,140,82.2245714697161
54,157,17.5048387912257
54,176,66.8767021231834
54,177,24.0527663701596
54,189,72.07692224087
54,199,16.7418475804439
54,217,73.4876712407904
54,228,20.6448958373656
54,266,80.5657918071587
54,331,67.154155931004
54,457,22.7604352295387
54,468,56.2446356334472
54,472,37.5097141860044
54,480,18.5605840061256
54,494,88.9296219511527
54,523,81.3805373927601
54,531,82.9286075022787
54,558,94.6273485321733
54,560,57.1782713019753
54,573,57.5363613534057
55,15,60.1582098058183
55,24,61.23896466221
55,121,28.6081989169292
55,125,70.7331392409674
55,133,41.3333367319008
55,245,38.2294240854099
55,253,96.8851441236582
55,295,25.7403461574729
55,368,22.2475088002925
55,393,84.1976023773903
55,464,87.176795495339
55,469,44.646798921233
55,492,54.4418479402605
55,509,20.7906593323474
55,516,23.6378459141619
55,526,37.726831904011
55,580,72.5966309403321
55,597,67.1796615579311
55,604,82.4536974221829
55,616,18.7796611267003
55,671,95.9710247497412
56,16,13.8451643193986
56,34,22.6606477597507
56,45,75.0386521118389
56,168,75.214249752331
56,255,23.5499161812541
56,257,74.1263086984428
56,258,89.0159539076547
56,289,94.7849293327322
56,338,24.4899742684029
56,345,37.1833727050361
57,4,18.0420773381625
57,11,59.1748994032594
57,24,43.3291501055744
57,135,95.1959585450008
57,206,56.6158574873808
57,241,90.709980596664
57,245,73.6229145714202
57,329,27.156744090982
57,429,22.3720312314929
57,504,53.6662648098252
57,514,78.4101436074559
57,518,96.0981650466903
57,532,23.6620130895264
57,547,96.2614702430093
57,550,53.8964206429034
57,563,99.8425248400903
57,564,65.1555490316414
57,597,95.1649016005058
57,603,22.6058642218278
57,620,73.5824474266314
58,70,20.6241563729968
58,115,24.5545221127232
58,127,51.5604646817712
58,145,27.9376969278282
58,202,74.561770163314
58,223,52.8222464831238
58,224,52.8558037279673
58,229,76.0499525639911
58,233,75.3018399405985
58,236,28.6807896531771
58,249,95.3312402082044
58,284,93.2125267073428
58,320,29.9425034437755
58,344,83.9703700985407
58,408,69.5729430918488
58,440,28.6706103030856
58,545,26.5366719808882
58,586,68.9176713761462
58,587,95.6804975797377
59,10,53.9427474794516
59,32,75.2535735176697
59,81,18.4922491872617
59,89,88.6949193965309
59,116,20.6321108654855
59,136,35.6645638323571
59,148,99.4741583998015
59,167,85.6868969898433
59,222,45.1148797940717
59,256,72.959444222198
59,302,19.4812580006607
59,311,54.2716413727083
59,318,65.2516761135813
59,319,76.5378201201036
59,327,49.4172278462087
59,342,47.5819466672727
59,359,29.6664991720612
59,367,14.9085015314904
59,372,73.4288884399438
59,436,60.5082490128977
59,439,84.1923755805745
59,441,75.3438331508782
59,442,18.5306414720363
59,454,94.6908482704771
60,8,56.7601494847255
60,20,25.1614583818837
60,21,23.6772446797249
60,22,28.861334271894
60,62,92.4553134818057
60,79,68.8681845033599
60,143,42.9617641322024
60,188,28.5195232039246
60,190,25.0721913980021
60,216,63.8626110898663
60,254,91.116810770515
60,303,81.7161639732118
60,306,46.3302871581943
60,312,42.1329753976804
60,347,83.0673910955046
60,380,29.8316919928161
60,409,55.1457244888602
60,458,27.7379671730556
60,462,98.5053034513784
60,558,98.5590640358696
61,19,77.7902802230733
61,30,61.9362589254255
61,64,53.18291163713
61,67,89.8396041535375
61,98,53.8135340964663
61,119,21.0028247247504
61,137,24.6904005210787
61,142,19.5429868605529
61,165,24.5053496924921
61,194,88.1806027284251
61,197,74.6603955719589
61,212,45.1413122802289
61,252,56.8244684639521
61,341,83.1410167707404
61,374,97.630467487732
61,424,19.0454745057071
62,8,49.418623758697
62,19,29.7854470326051
62,20,90.2992279387496
62,60,92.4553134818057
62,64,96.4589936810145
62,79,99.842418120246
62,137,75.590772922055
62,143,59.4644512151508
62,188,53.4769400365528
62,197,68.9690341884991
62,205,77.3350478300462
62,306,23.8013992317825
62,341,98.7449412976688
62,347,19.6170941644839
62,374,27.679509608927
62,382,25.3211306504389
62,670,36.2337699451922
62,678,31.1054506465991
63,25,99.1628618531026
63,26,36.2471577468532
63,50,11.571839703429
63,54,53.0338753995213
63,108,29.0389007127371
63,128,64.6664384654011
63,157,20.0937437444896
63,176,20.1529532984438
63,199,95.857139270815
63,228,56.2000202467892
63,242,90.9097685126675
63,272,50.3723584182323
63,331,21.7213335702022
63,343,57.3974786249106
63,349,81.5843596316222
63,383,80.2701616509244
63,384,90.9941276781958
63,443,66.2217450026123
63,463,94.0885964813785
63,468,74.9438289083855
63,471,60.8541632265301
63,472,93.6352676800923
63,480,78.2149196556231
63,523,73.2594741998628
63,560,90.2227155657418
64,19,50.8164469818117
64,61,53.18291163713
64,62,96.4589936810145
64,75,55.4206900954843
64,119,68.3852160490218
64,137,36.2333061012199
64,165,23.975230783331
64,197,92.5567400509204
64,205,22.5194225577207
64,277,25.9633620189739
64,325,86.2567013556644
64,374,19.4788155876895
64,670,72.8725273170926
65,54,75.5333464934004
65,90,56.2707513792744
65,91,58.8452661483773
65,106,30.9530183485725
65,123,37.2858892471007
65,141,72.4232156061602
65,157,97.3327598013712
65,167,51.0817776277749
65,177,93.6636833077047
65,199,41.5189890922547
65,217,16.1896163806075
65,228,73.4930669951166
65,256,51.4732500315448
65,266,77.4341779834347
65,282,89.5369917762509
65,310,69.2963899755198
65,319,63.3673178634917
65,328,17.4588646807341
65,336,68.3067522137421
65,351,27.2219429502097
65,357,32.3847726509172
65,371,88.1575466707773
65,402,87.9687512764934
65,439,74.3807245099382
65,450,17.4662159372704
65,468,65.5913021654992
65,472,41.6240880806927
65,531,19.7840233220703
65,562,42.8068204052373
65,573,24.5686757557012
65,682,29.428375606894
66,2,46.0863478292414
66,85,60.4616413528794
66,122,28.6659062867663
66,127,16.6353206916596
66,145,87.1310327185453
66,192,77.4607261224047
66,202,93.9401178224708
66,221,22.7577661022573
66,224,48.7314933936009
66,229,73.5841275461676
66,235,26.6078667793403
66,242,78.8993402867142
66,280,67.5313825967329
66,320,48.1658424400845
66,349,42.2433326289102
66,384,79.5732460911181
66,399,92.8071345323699
66,443,88.1077088792902
66,471,64.1687056161909
66,548,24.5647964353139
66,629,87.5807842905027
67,8,54.1919942182384
67,19,95.0687592512729
67,20,67.7268218442986
67,22,20.9090141064846
67,30,56.9247375883036
67,41,61.4077550697545
67,61,89.8396041535375
67,79,17.3367838695488
67,90,96.777331765587
67,119,50.9776659656567
67,137,84.0002644006581
67,141,18.3840572513061
67,188,94.5785870576052
67,190,95.7647546116326
67,194,15.6716881659991
67,197,58.8250501496603
67,247,14.1597450131753
67,252,17.9689289877397
67,278,41.8965526780482
67,282,95.0159160771178
67,303,77.5344660691199
67,310,79.7720827228576
67,341,28.531431299455
67,371,87.6922640439993
67,382,95.0856539036016
67,409,53.0862010650855
67,424,64.1607877939927
68,28,83.960073550479
68,42,99.5773921257884
68,86,61.9265469862494
68,102,66.7989473372904
68,269,58.3564348348295
68,299,57.575747689371
68,369,28.7398950790988
68,397,96.8915185282056
68,425,63.4566338716267
68,433,89.524662505824
68,447,26.8628656791791
68,453,34.0891012525165
68,490,27.1611464510482
68,608,30.51064688674
68,627,89.9430022850154
68,632,64.1881787903527
68,644,64.0249475060803
69,27,20.9906052011527
69,35,87.8955613852678
69,99,83.082811017343
69,149,47.3971296874942
69,226,26.1778211522496
69,392,84.4017825712722
69,483,45.4425413189869
69,506,42.2864792368422
69,557,28.8287770341762
69,569,22.8719617089708
69,588,67.0263651512255
69,592,65.5297951921818
69,690,30.6929709475693
70,58,20.6241563729968
70,100,79.2170103956152
70,115,51.4829413890943
70,223,30.8576215503752
70,233,25.859441801866
70,249,85.6669694232847
70,344,86.316870902756
70,366,84.499920756092
70,470,84.6937424017045
70,545,30.0364006872134
70,574,93.6152892548844
70,586,28.0475321244202
71,1,87.6656365988856
71,49,53.1283783439335
71,92,27.2921296617662
71,185,58.8951450498025
71,200,22.5544824846607
71,225,26.8761833399701
71,240,80.5990193026639
71,259,92.5959306103679
71,265,65.6071612041504
71,275,91.4333944965014
71,321,74.8914651966312
71,411,24.1251058084073
71,413,65.1598363322204
71,416,84.539802950955
71,422,85.9146765942844
71,430,62.7323405073616
71,553,21.5453358436555
71,568,33.8915810430403
71,602,86.6603044074991
71,628,29.9561518062214
72,26,18.7514351987322
72,38,83.362376241851
72,50,94.9823552638249
72,89,15.4486169971279
72,116,64.6146154646424
72,157,88.9871222723208
72,176,52.6052042127573
72,181,43.1519810674382
72,228,71.723299139279
72,266,15.7420853472023
72,272,92.703173217603
72,302,66.5730066722736
72,311,18.2481355297349
72,319,85.3025344938065
72,327,62.8667020163097
72,336,21.1984242079164
72,337,88.3858615935652
72,351,45.7892919768232
72,372,15.4618532394493
72,383,59.2866551566361
72,400,54.4127912524695
72,439,16.8637909481501
72,442,98.083677379483
72,450,95.3991817004914
72,463,21.1783960006183
72,468,50.2147146016639
72,472,74.4259883092791
72,523,23.3730491901706
72,531,54.2176100085424
73,76,20.1051621861449
73,78,26.511063116268
73,134,86.5766840974217
73,239,60.3305045554389
73,281,72.3351643274108
73,486,83.438707939811
73,630,97.3925906837033
73,704,62.7450770646832
73,705,35.4344663226682
74,14,44.1494220714242
74,31,17.1590536536423
74,36,17.414235592696
74,39,48.6017268481825
74,51,92.5230893002164
74,136,97.1736853279897
74,152,45.9976678954481
74,173,62.6416003821849
74,178,16.4325969543254
74,180,46.8447806521281
74,196,68.7626343997165
74,219,18.6631758427363
74,251,54.104160283035
74,308,94.3419748825961
74,316,98.4118639746707
74,330,15.9142401079085
74,355,28.3750887369146
74,418,22.0922630159461
74,420,82.4664041210572
74,434,79.6936984229422
74,436,82.6497036946345
74,441,58.0332562043182
74,454,18.0155359475798
74,565,94.4320748915748
75,64,55.4206900954843
75,205,25.3316720228888
75,237,68.3911529589994
75,277,25.6354256484984
75,307,93.0451336376773
75,325,30.0188827742425
75,334,78.8339142581174
75,522,31.4367451877701
75,601,38.6366108968772
76,73,20.1051621861449
76,78,35.0530282702275
76,94,85.7345458325957
76,96,92.9124167620095
76,239,39.8740944207121
76,281,23.2596980424336
76,398,73.0710668507059
76,486,45.1150876716953
76,630,70.0755544115364
76,704,31.149603839877
76,705,25.3731798513444
77,10,75.0032874081004
77,38,80.188475542216
77,53,72.2067485282905
77,148,74.0135601911967
77,170,67.2255111994876
77,191,72.3216241183213
77,232,32.4019863751894
77,284,76.746185575623
77,391,38.4888955205166
77,404,37.9965550989698
77,417,23.4200693063787
77,432,24.1101193945342
77,448,82.9589512164197
77,513,27.4834198297095
77,536,15.7811560223037
78,73,26.511063116268
78,76,35.0530282702275
78,96,42.0082715932005
78,134,31.3242698845403
78,151,24.0773456722647
78,239,21.8921774782788
78,250,41.5494062840421
78,281,76.1893657672827
78,309,85.8617683330611
78,316,97.1879873168323
78,427,75.7384869478637
78,466,97.4131842093542
78,486,73.3921568169948
78,630,44.3493715541853
78,705,76.7123390173475
79,8,19.4013637791137
79,19,76.9083529473769
79,20,20.8399551307598
79,22,14.7183419293793
79,60,68.8681845033599
79,62,99.842418120246
79,67,17.3367838695488
79,119,70.7534560205742
79,137,87.5817867881869
79,141,65.574093343657
79,188,48.3776302692841
79,190,79.5074609235828
79,194,58.375983149507
79,197,41.5854327803296
79,247,38.7332962052357
79,252,34.6047264285454
79,278,91.6815175604897
79,303,90.8572867826859
79,306,94.3478740761201
79,341,19.7776015882103
79,347,61.7597745393549
79,382,64.8462344218447
79,409,53.9093346646975
80,93,41.8477715720534
80,211,14.5747202505174
80,297,68.9057115895696
80,396,67.947704529927
80,484,85.4765727661848
80,575,53.615335304411
80,635,61.6721826892069
81,10,22.0808019825552
81,59,18.4922491872617
81,116,65.6877201407865
81,136,19.4049002194569
81,148,61.9829302214825
81,152,96.3617253250266
81,203,78.2124534717759
81,213,70.608986838019
81,222,15.3594008251725
81,296,98.7175288185327
81,302,87.0700686434223
81,318,22.5858112757096
81,327,50.0377770765797
81,359,69.7532492610058
81,367,21.9162723762725
81,436,56.934565304842
81,441,98.5251839435385
81,442,28.9254968669335
81,454,99.1304992536111
82,28,94.7523281024783
82,40,76.5853399248759
82,125,34.8646285631586
82,133,64.8529356562739
82,155,35.408333613211
82,287,25.9864089654506
82,406,69.4035356711272
82,407,36.8837215046648
82,428,79.0883265635071
82,435,38.2073451472026
82,456,65.5272853209339
82,505,45.4357046115965
82,549,26.3045657142623
82,576,86.1785797177896
82,580,99.398242147214
82,594,26.9635308346283
82,604,94.9723299694531
82,607,33.7298498016718
82,643,95.0365059003263
82,652,25.4551979309493
83,11,84.2120549593304
83,12,73.4319724873859
83,47,25.9302937847461
83,144,50.6404834260433
83,204,86.9508447418044
83,304,52.4296138521552
83,401,85.4039301138041
83,437,56.8640909444133
83,451,99.4369183402357
83,467,98.733910420737
83,491,64.1618268894794
83,499,18.0634751227459
83,504,65.9819379426359
83,507,79.3588918900767
83,518,42.1007591478178
83,563,27.8095297201736
83,564,85.7571628571484
83,566,22.9461482245377
83,567,98.4589575838845
83,590,44.7853390085998
83,591,28.8153210987557
83,614,21.5736150819234
84,30,19.1552564537646
84,41,81.5134452795233
84,91,88.6415796120451
84,98,40.3575203510808
84,138,48.9627761205764
84,142,79.8709513685567
84,162,63.147052145887
84,194,90.6211747445055
84,212,27.3524562005644
84,220,19.2093133893554
84,238,27.5647158955801
84,246,91.0335203762771
84,252,95.238018732927
84,278,45.508410349196
84,282,28.479170348092
84,346,21.8134160383419
84,361,31.3926465248112
84,371,68.1904498215787
84,424,83.8442922598187
84,528,61.5399373091728
85,2,25.3975752786244
85,66,60.4616413528794
85,122,21.7500837111028
85,126,54.6583164687509
85,127,67.5316881569725
85,161,81.1440258971024
85,192,22.4435160786457
85,221,29.4872358789848
85,229,89.9247648900649
85,253,25.2254781775751
85,280,71.5454915763477
85,393,60.1831752019676
85,399,98.4858925446069
85,469,75.1570856022112
85,478,47.4557900530752
85,492,76.7706324766745
85,493,93.0960582969361
85,526,97.743907233933
85,548,23.4960048324632
85,554,26.3296400181001
85,629,27.7689383094251
85,671,95.5529954068905
86,35,86.7083237351126
86,68,61.9265469862494
86,102,62.2995689641998
86,193,33.4943498851338
86,270,60.6860085192602
86,299,58.6170191826926
86,333,61.1414209816705
86,453,83.2584124353133
86,490,29.8171093267409
86,511,34.9739907233815
86,534,53.2604447838158
86,541,28.7104098210494
86,592,80.7987463971131
86,608,31.8144126715996
86,627,61.8522287339426
86,632,27.7710848113116
86,644,28.5482976595108
87,14,53.1013542401913
87,31,96.635828718979
87,32,64.0937346012995
87,39,59.6249110870643
87,51,57.9282278709452
87,110,75.7444430079406
87,112,60.8818257036068
87,138,59.4029453197773
87,146,22.4184575086802
87,147,85.8982628743126
87,150,98.1491241997924
87,162,21.6637854658447
87,182,65.1759950965884
87,220,63.5220735349695
87,248,18.2503787201775
87,261,26.360918769257
87,298,38.5455579464946
87,403,20.0372979926347
87,421,52.7600424401881
87,434,58.5821945122395
87,441,94.6903452769867
87,528,22.4675958829975
87,559,23.7819554353623
88,124,51.9482459043491
88,132,45.329413548735
88,201,18.6436859885336
88,227,41.8218453724843
88,234,40.2231540216036
88,394,94.4350017941487
88,529,34.8952026322497
88,539,84.4074876933832
88,654,59.1556231479655
88,686,71.1483464678568
89,10,55.0522527383786
89,25,53.0139154404834
89,26,26.3680931995213
89,38,21.4269186551084
89,59,88.6949193965309
89,72,15.4486169971279
89,116,39.7143852662723
89,176,87.7354457704767
89,181,7.94869139296689
89,191,98.109688759866
89,266,61.9080355948161
89,272,87.0087738848357
89,302,68.5121943577588
89,311,43.9459615462459
89,327,29.467068045668
89,336,68.5868336279171
89,337,24.869533034775
89,351,90.812251979352
89,372,17.3229492925178
89,383,44.0791611435108
89,391,97.8308016429473
89,400,21.0310712750008
89,404,76.1738820352695
89,439,50.5813582230731
89,442,65.6695256602662
89,448,57.1930960722877
89,463,14.5681696165602
89,468,98.6060400360861
89,523,71.4974339366279
89,536,69.6666320206261
90,21,70.1324486205837
90,22,75.7701641280906
90,41,82.3477319159851
90,54,93.2516126147974
90,65,56.2707513792744
90,67,96.777331765587
90,106,14.4121420547359
90,120,72.2494275085632
90,123,76.0363320896453
90,141,19.5195595005979
90,177,65.1834105781272
90,190,63.9579532650094
90,199,68.1323128748167
90,217,26.2680601071799
90,247,73.2889791214354
90,278,87.5989705201577
90,282,99.4795742825328
90,303,17.0726189091263
90,310,40.2675878489204
90,357,43.6186159644872
90,371,85.6503417112866
90,409,48.4311837248898
90,558,24.6865526150293
90,562,18.7568101090972
90,573,79.38456043545
90,682,67.7123966495053
91,41,79.757966279295
91,65,58.8452661483773
91,84,88.6415796120451
91,123,19.1958423004951
91,138,53.0149340575025
91,141,99.7215548804386
91,150,96.6610497057655
91,167,24.9843923419656
91,217,92.3200182493983
91,246,28.4014208150625
91,256,65.9849962496902
91,278,98.351741725283
91,282,25.8721747266725
91,310,61.9309095193353
91,319,89.5951178113435
91,328,27.1727734806682
91,342,80.7256579100682
91,346,81.5606458176374
91,351,99.8219920762887
91,357,57.4918557879877
91,361,15.5869230917883
91,371,53.6950083387757
91,402,21.2556955399932
91,450,71.0193776352241
91,482,45.2203695034472
91,562,87.6921299839576
91,682,48.8588535328812
92,23,36.0571273704081
92,29,65.1022010859465
92,71,27.2921296617662
92,200,87.3131687776875
92,225,21.8617963243703
92,265,27.9675648850279
92,275,90.675834817585
92,286,91.0957611380845
92,289,92.4355208035311
92,313,30.5553451987204
92,314,44.4489954974061
92,411,31.9882209952763
92,422,30.8906437069056
92,553,73.4345091759831
92,593,82.4980861531466
92,602,47.8642189347651
93,80,41.8477715720534
93,211,24.598286831469
93,218,91.2584112930968
93,294,31.3107192608576
93,348,27.5821568002277
93,484,69.512199623084
